030775396
030815339
030775353
036060674
030795290
710213530
042253888
000681881
031792952
042128790
030775311
031797920
017327652
000893463
030868645
017314909
017053871
030866499
042253900
000607304
031780466
030792975
017314895
030775418
000894915
017055415
030775400
000893471
000893161
000891657
030775361
017319161
030804825
030775329
030775434
017054281
054622093
017327661
030775426
030849934
036070793
017327717
031793185
036068284
042254647
017050332
000162311
000162787
000351822
031874452
042128919
710274181
036064386
030797799
053638549
051895951
000891649
037839403
000607312
000686476
036082040
000044351
000158984
000351873
011882115
000400238
037841700
017050324
052617726
017053811
000161454
000654302
000891568
000162019
053638581
000400220
036087947
000351997
017050456
053638611
000607347
036088978
000893137
017053676
000607371
000686484
031825451
036082058
017055237
000162001
000893412
000399817
017055385
000491861
000162451
052089291
037922459
042026393
000161586
000159298
000161381
000161403
000893111
000893188
050424891
000162086
042142768
042142750
042141443
000161594
000607002
017050561
042024471
052375277
042378699
000162094
000158577
042026407
052164284
052439585
000158569
042014891
000351806
017638593
000161993
017053668
037922467
000161438
017055202
000607363
042019427
042428289
000159026
000044717
052829871
037966081
000891592
000352233
000161357
000159042
000420191
000161934
000162353
000893315
000352098
000162795
017053889
000399388
017050308
037858131
037854950
000161942
000161373
017054222
000596868
000162370
000607321
017050073
000596876
000893293
042114985
042124956
000891550
000654230
000012432
000893421
000607339
000891606
037853163
000891908
042114977
000161951
017050316
031873715
000159000
000607355
042120411
037853899
000159841
017054249
000891860
000893480
000351989
000398411
034005153
000893498
000893129
000159093
042071585
000162043
017059852
000614866
000891452
000695041
000891835
000891479
000607045
000158518
000162051
042070902
051906201
017053722
000162701
000893170
000893528
000491942
031926754
000695092
000607037
000162078
017050499
000161578
000158551
042347599
017055211
017053846
017050502
031897959
037908057
017059844
030232953
000161551
000894826
000891894
000162817
017050448
053948998
000517801
031070850
042065739
036137430
000158615
000607061
000158623
017055377
000162558
000651117
037982354
000652512
000893544
000893226
000161691
000162124
017059640
000161471
000607053
042195446
045017000
000158496
037956108
000162027
017055431
053006020
000161667
000162710
053779517
037958470
042317673
042317657
000162035
035652454
042004802
037956205
000159352
037890069
000161560
000893307
000162809
000607029
000162060
037890221
042195462
037890182
037998676
000894818
042395933
037956230
000162108
042395968
042317665
042195438
000161632
037956248
037890051
037890191
042197252
042299977
000606995
045015171
037890115
037956469
042317568
045024731
000215589
042003784
037956124
000891827
000891461
000161683
045022631
037890085
037998218
000686981
000161705
036155993
042077150
037942484
000162132
042422132
000606740
000617750
000893358
017078393
037880012
000159468
000162175
051076438
036155667
000162833
037937731
000159514
000893102
000891541
000606791
000161802
000162167
042077133
042039371
000686964
037947541
000893552
000162191
000161845
000698288
000162825
051896109
037880080
054018391
037870548
000161829
000161837
000686514
017078482
000606804
037784722
017078466
000893251
017078440
000159476
042383153
000161721
037878247
017151481
053265301
017050405
037947915
000686506
000893692
710261101
052915654
000618462
042076439
037946773
000162230
037942492
035568348
000161756
000162141
035570172
000161781
000161730
000133132
000161772
000161764
000618233
000606766
035570563
035547031
017050367
035558555
031313833
000162574
017078423
031946615
035564024
000893340
035547260
000159433
000606758
017078407
000893331
035565233
031295657
042249252
031956688
042102341
042319838
031953549
045006601
000606782
042096651
017078385
031942369
042104980
017055393
053966864
000162205
017050545
710230524
000606812
000617652
035568364
042102553
042096642
000521663
017078491
017078504
035568381
035568330
000159557
042410134
000162663
035555912
000162213
017337089
017337101
017318840
710274050
710229631
710262531
017337046
052413250
710212674
017337097
710262507
050343971
017337062
042262488
036075213
710276427
042268877
000605786
030805473
030858321
051950766
710231156
017337071
000605751
710227442
710228031
017337054
030797969
710147663
000605760
710228295
030848008
053507339
031744265
042182760
710276613
710276664
017327164
030843201
031801722
000160229
710230826
017050197
017050201
000160326
045014906
000160130
053638522
017050090
000160407
017050103
710276290
030022754
017050146
000160156
000160351
000160164
000160318
036092479
000160342
000160369
000588032
053242599
036094625
042297605
000160466
017050227
000160628
030414164
000596680
710221800
000160270
037918869
000160296
000160741
035662867
000160750
000160768
037922866
000160458
000515159
000588024
042152411
710262043
000399965
000160199
000160211
710262019
017050111
000047147
710261993
000160504
710261977
000160261
000160253
710261985
000161365
000500780
037965352
000160288
000160423
017050138
000399850
000160440
000160482
000160555
000160563
000160849
000160571
710261802
000160652
000160661
710261772
000160679
000626261
710261721
000160695
000627844
710261756
000160717
042072042
017060532
000160792
710221940
000160822
000626848
000160776
000160903
030222052
710261608
037804324
000695106
036148563
031914551
000160890
030232503
000160521
000396869
000626317
042011701
030232171
000516554
000160539
000160547
052800253
017058554
000160644
000160580
045024065
000160687
000161136
000160610
710280955
000160784
030231621
000160709
000160865
042002907
000160725
045024006
000160636
000160881
000160911
710234341
037939076
042035261
710261390
000160954
036161667
000160962
710230346
017082447
000161039
054018404
710261306
052439534
710261322
000161098
710273088
710276249
710267827
000161110
037946765
000161101
710261268
710261284
037945653
710261195
031991653
000161047
000161152
000161179
710219440
000161217
037945785
000161225
710275250
000161233
000161268
710214634
000160938
035531754
042319234
000161004
042407362
000160971
000160997
031305288
000160989
017078334
710261020
035562986
000398900
000521965
035560321
000598071
035575182
031262767
000162159
000161071
710260296
017151341
000161063
000161250
000161144
000161187
000161021
017151589
035565136
000161195
000161012
035568356
000161241
031986072
052604519
710041110
031810993
031810934
030791847
053638735
036064092
710274068
017318858
710229640
017327172
710282869
036071277
054851149
031810969
710178360
031780741
031748201
710213603
031745041
031748198
710213662
052848094
017337631
710171374
031780792
031780776
031780750
030810647
710202334
710276419
031780822
042364531
031748180
031789188
050723227
031780831
031780717
710277156
030810655
710280661
031780806
031785212
031810527
050409964
031785204
031768873
031785221
051950774
036069833
031768989
042183529
031780539
710262485
031810497
054565375
031768849
042447402
042263352
031780865
036067334
036071048
710224460
710262469
036060976
036060917
036071021
710262477
036060968
031780504
042169623
053799062
710262442
030804663
042170915
036070998
031754945
030809193
031781977
031780547
710262396
031771475
031780491
050537431
042448484
031780474
710276621
031754953
031781853
710276656
031754911
031754961
031771424
050448692
042258031
710155587
031754929
031781845
031811540
710055358
031810250
031810268
031773702
031811612
031811493
710262370
031773729
036064181
710057156
710055412
030866065
710057202
031810276
031810284
031810292
031816924
031773711
036063932
036071293
036063959
031817068
042126606
031810543
031816908
710273592
710055323
710055340
710283970
710055382
031816681
710282885
036062219
036062201
052590968
710276338
036062171
036062162
036063924
710283776
031816860
035602244
042414636
710055480
031817025
031817017
036062197
053279603
036071099
031810446
054528038
031816916
036062260
052827691
710055994
710055986
710166559
036071145
710055366
036062243
710274173
053420471
031810462
036071196
710056109
051099021
050096630
051896150
036071161
036071170
036071200
036071226
036062227
710055463
036071102
031811949
710055501
037836447
031825389
036086576
036081078
036086789
036081086
054014859
036081019
036086584
036086592
036094137
036081094
037836382
710281960
037836439
710055633
052250270
710055650
036094099
036094102
710055560
710055706
710055714
037836391
036086606
037847571
037836374
036081051
036081043
710055811
710055820
036081035
036081060
036094129
054286972
710055846
036094081
036081027
036086568
710160860
036081001
054770025
710276281
042404771
037851888
037836412
037838385
710056133
051278481
051278383
037838407
037838440
037838423
036080527
037836692
037836714
037836684
036094242
710056036
042286441
710055960
037840576
037838393
710056095
036086681
034003304
037839918
037836706
036094218
710262299
036090361
710056141
037838431
037838377
710056168
036080501
036094226
036090379
037840631
037840592
710056184
710056150
036090352
037838415
037840517
036080519
710055870
037836722
710055889
036080462
036090239
036080454
051786222
051786150
036080403
036078514
031825010
036080420
036080861
036080471
035602643
036080438
036080489
036080446
710058179
036090212
037836773
050090828
710057962
037836790
037984756
710058039
037836781
710058063
036080331
035602651
036080349
037836617
036094196
710262272
037838741
037836803
710058136
710058152
036080322
710058071
036094188
037836625
034028277
037837036
037837095
048411931
710057091
710057105
037836994
710057130
710057148
031827829
037837117
710057172
037850768
710280823
037837028
042399769
034028226
031827705
034028218
037840657
710057342
037837079
710057318
037837052
037837001
710057075
037837044
037838512
036080799
037838334
037838326
037838521
710057180
710057237
710178387
037838474
037990845
037838504
037838491
037838181
037838580
710057369
054721024
037842501
037836463
036080870
037836552
036093939
037836471
036093815
036080586
037850946
037836480
036090387
031875408
037836579
036080691
037836544
036093734
037842251
036090344
037836498
037836510
036080543
036080756
017643902
037990357
042165393
053200250
036080772
037990373
036080829
036080594
037990365
053072120
031875394
036080683
037842498
037836536
034017381
037836561
036093751
036080608
036128414
036128406
036128473
036128481
031202659
036129674
036128392
031202641
036128538
036128490
036128503
036124672
035678127
031202284
035678119
042378001
710220367
037914707
036124664
036124656
037914782
036124711
036124613
034057579
036129046
710262205
036124681
710059418
710059434
710059256
710057067
036127931
036129879
710057121
036128449
051253381
031827691
031202802
710057300
042285488
036127922
036125296
036125083
036125075
036125440
036125288
042025737
036125105
036125563
710045883
710284292
710262191
031202667
036125148
031202675
036125300
036125431
051906236
036125121
710057849
036125458
037914821
036115207
036125687
710057407
036125636
710057512
036125610
036125661
053463315
036125601
034017011
036125679
036125644
036125709
710057652
036125695
042285755
036125822
036125814
710059302
051279118
031202365
017054389
035995998
042276641
031202349
035995955
036129852
035995963
035995947
042276632
031202331
710059396
031202357
710059337
036131644
036129798
031201628
036126659
036126675
037913743
037915380
036126683
036126691
036126926
031201784
031201768
036126713
036126721
031201636
036126730
036126748
036126756
036131415
036126764
710262108
036126772
042020131
036126781
036126799
710059523
031201741
710213050
710238401
050895222
036126802
036126985
036126942
050895214
031201725
031201661
036126811
710059558
031201733
036126829
036126667
042019877
036125717
037922386
710059400
710059299
036129771
036125571
031202462
031202471
035995912
035995904
031202420
053246284
036125784
054625041
042276675
036125580
031202411
710057679
036129780
036129836
036125873
036125911
036129763
036125881
036125938
036129861
036126594
710057776
036125920
036125946
710171900
710057784
036125954
037914162
037914359
036125997
036126560
034008900
031201458
036126586
031201440
034000976
710228538
031870431
051074800
036126543
036126918
031201431
036125971
036126551
710057830
034008306
036126608
037918818
710156170
037867024
037867016
037867008
037861140
037861255
037861123
037861158
037866788
037861115
042371091
710249888
037866931
037861174
037861182
710178220
037861204
037861212
036105881
037861221
037861131
037861191
710178263
037866796
037866800
036103918
037867041
037866818
037861247
037861107
037866915
037867172
037866966
710056354
037866923
037867121
037861166
710056370
710056397
037866885
037866869
037866877
710056362
710262973
037866907
037864289
037864319
710056435
037864327
037864203
037864335
710056443
710056486
053863097
037864211
710056508
037864351
037864360
036103152
037864378
053687914
037864386
037864416
037864424
037864432
710227655
037864394
037864238
037864441
710056540
031825621
037864483
031825281
037864467
037864475
037864491
037864505
710056583
710135726
037864513
037864246
037864548
037864556
037864262
037864564
710056656
037864572
037864530
037864254
037864521
710227698
710056575
042115591
037864271
037864581
037864599
050655884
037864301
037864190
037865510
037865421
037865528
037865391
037865382
710056729
037865251
037865633
037865536
037865617
037865587
710056753
037865561
042047625
037865340
042202582
037866745
037861280
037865501
710056770
037861352
037965859
037865625
000588041
037861344
710170955
037861310
042369649
037865412
054054010
037865498
037861336
054851041
031826539
710249900
037865307
037865609
037861301
037865595
037865315
037865374
037865447
037866893
710056885
710056893
042206618
037968718
037856430
037865544
037865480
037865277
037865285
050672843
037865455
031825435
037865331
037865579
037865358
710271891
037865366
710056877
037865269
710056710
710056974
710201656
037863878
037863886
037863894
037860941
037860836
037860828
037860801
037860852
037863908
037863916
037866672
037864050
037863924
037863932
037861018
037863941
037863959
037863967
037864092
710094265
710261896
037860925
037860992
036110752
036110728
037860933
036106011
710094319
037860861
710057032
710057040
037866711
037864076
037860810
037860950
037864084
037863975
037864017
037860976
037860917
037860984
037864106
037860844
037864033
037860879
036110744
037863991
031825702
037863983
037864025
037863681
037861425
042206685
710056079
710056060
037863649
037863703
710156235
036112101
036112119
037863711
037863657
037863665
037863673
710283091
037861433
031872026
037861395
037861417
037861409
037863622
054047099
710159013
037863720
037860691
037860607
037860747
037860666
710057431
037860739
037860704
037860682
710057504
037860712
036110108
035611201
037860755
710057563
042211476
037860658
030997241
037860721
037860763
031825052
037860631
037860593
037860615
042117089
053459148
710056737
037865064
031826113
710056834
037865137
037865200
052591018
037865048
037865153
037865099
037865145
710056923
037865030
037865056
037865081
037865111
018048650
037865102
710056672
037865072
710056702
037808591
037798383
054661510
037903802
037809750
037809831
037813439
037810057
037809733
037812793
036145297
037812181
042216095
037812289
037910400
037812726
042388767
042388104
037811436
037812815
037812343
037812271
037811487
037812122
017060125
017066867
037812386
030232228
037811444
037812114
037812378
710275650
042387299
037812165
037812351
037812319
037812297
037900960
037812475
037812238
037812513
037812653
037812688
037808770
037810677
037808699
037808761
710227990
037810669
037808796
042058759
037810693
710130371
037813609
037808818
710127744
042435048
037813137
037812581
037813005
037812505
036142654
037812521
710058462
053880391
037812068
037812785
042388660
037812190
037812483
042220939
037810375
037814109
042388139
037813455
037810588
037910477
037910485
037810481
042221978
017060079
710175280
037810448
037810456
053813693
052457141
042434858
037810472
037810421
037810405
037813676
037810618
037810600
037810596
710058756
037810413
037812033
051278235
710059116
710059124
710059132
037811941
037812106
037812041
037811801
037811711
710283520
030233844
037811843
037811878
710233388
037811860
037811924
037811894
037812009
000652687
037900862
037975811
710048831
710059175
037812157
037811983
710059191
710059205
710059230
710259140
037811681
710059248
037810278
042055318
037810324
037812947
037813081
037813111
037812955
037813099
037910159
037810359
037813129
036147150
037810294
037810286
037810308
031902952
037810332
037813102
037810341
037810316
037812076
037813421
042214254
037903098
037813218
036140783
710146736
710058659
037813188
037813617
037813170
037812831
037813579
710058675
037813404
053929152
037813374
710166443
050471627
037810839
037813510
000614564
031934617
000614394
710058730
037908987
037813501
042218985
037910493
037812971
710271620
037811151
054849721
050613138
710273789
710048858
037813251
710276133
710276125
037906208
037813463
037810103
037810189
037810111
037810120
042349036
710058594
037810235
042434912
037813226
017060010
037810171
036142140
037810227
037810197
710261624
037812670
037906399
037813293
037812700
037811118
710060327
037813072
037910761
037814508
710060351
042388244
037900978
042221897
710050755
037813196
037813048
037910418
037813331
710060394
037810910
710231172
037812742
037810928
037813030
037812998
710060416
037813382
000614505
037813269
042064872
054286816
037810944
037813366
037811789
037812882
037811762
037904299
037810898
037813277
037813013
037812891
037810880
000624128
710171030
037815091
037906542
037813056
037812980
037813064
037812904
053893565
037810901
710114567
035677813
051786249
035677741
017067391
042393141
042007453
035677708
000652709
042002931
035677732
052439666
037896083
035677775
035677716
035677783
035677767
035677686
035677805
037957872
042191211
035677821
710058306
037998196
042192609
037893009
035677848
037892509
017067405
035677856
037889524
045018332
037891839
035677830
037831054
710231091
053769228
710213760
035991488
035991496
037831062
037831071
037831127
037828347
037828452
037828533
045016089
042001838
037828355
710058268
710058284
710283210
037828410
037828363
710261535
037828495
037828461
037828380
037828401
037828487
037828371
037828541
037831275
037831259
035997621
042302498
037831356
037831291
037831283
037831305
710058900
037831313
054856418
037833715
037888722
710060157
710261519
037888757
037833707
042195861
037830813
037833758
710060190
037888536
037833898
037891723
710058861
710130353
710058802
037888480
710058845
037828843
037828851
037828878
037828860
710058870
037828886
710058896
037832867
045024057
035991593
037833961
035991607
037833987
037894323
053887824
037888404
037833995
037898086
710058934
710058942
710058950
037833251
710058993
710059000
710059043
710059051
710156545
710059086
710048629
710059019
710059027
710058810
710102686
710058780
037831577
037831585
710059736
035991372
037831542
035991364
037831534
037831593
037831607
710059647
037888994
037833944
710063024
037888714
710063032
037833863
710063083
037888871
037888510
037833871
037833855
037833847
037888439
037833693
037833685
710170114
710059574
710059582
053793277
710059590
710059604
710059655
710059671
710059973
037831771
051491346
037888650
035991755
037888587
037888862
037831747
710059752
037888684
037888625
710059779
050431498
710059795
710059809
710059817
710059833
045025274
710059841
037888609
035991861
710280947
037955942
037831721
037828291
037950975
042396727
037828312
035991852
710059868
710059949
710059957
037888820
037828304
710059965
710060009
710059981
710059914
710059922
710059930
710059639
037833812
037831801
037831828
037831712
037831780
710226241
037889371
710060092
710060114
037831704
710156677
037831631
037831640
037888765
037831798
037833669
037888498
037831810
037888641
037833472
037889826
037896326
037833740
710224133
037831216
037897039
037888790
037888412
037888595
017060265
037888421
037831232
037831208
037888528
037833626
037888544
037831861
035650729
037888552
030232481
037831879
037888692
037888561
037831852
017060354
037833791
037831429
052547540
037831445
037831453
037831461
710170122
037831470
710060220
710060238
037956141
710132981
051284022
037831488
037831496
000622605
037831500
037831372
037831518
710261438
037873539
037873971
037874039
037874004
042029210
042027136
037874012
037874021
710060475
710060483
710060505
710060513
037874454
710060521
710060530
710060548
037877461
710060556
710060564
710060572
710060580
710060610
710060629
037782487
037873962
710060653
037944452
710060661
710060670
710060688
710060696
037873954
037873750
037942620
037877071
710060718
710060726
710060734
710060742
710060750
037873938
037943642
037943006
037883658
710060831
710060858
710060866
710140495
710261454
037942603
710060815
710060912
037942611
035520078
710167520
035519151
037876741
037874101
037947966
037874098
037876732
037874071
037874080
037876970
036158933
037941658
037874390
710064470
037876562
037874381
037792059
710064586
037876660
710061323
054014034
042084164
036158895
042028990
037874349
036158968
036158976
037874268
042035724
037874209
710261381
710062206
710263465
710062222
037874357
037874187
037792041
037874233
710261373
037874217
710062249
037874195
036158950
710062273
710127784
037874225
037876929
037874276
037874241
710062338
036158984
037942697
710063180
042083460
710063202
710063229
042026644
037947737
037785834
037791851
042344760
037873792
037873814
037873831
037873822
037873920
037874055
037874063
037876708
037879731
037942379
037876058
710062125
051896095
042231728
037876490
037876473
710170076
017068207
037791591
710276508
037791605
037876911
017068193
710261292
710273070
017068215
037873881
710220316
017068223
037876066
037876031
037785681
017068975
710269005
037876431
037876457
037876481
036165051
037876015
710062320
037876040
037873911
037876023
037876465
710062346
037876694
710062354
037876775
037877135
037876791
053872801
710062443
037876848
710062460
037877011
710062494
710062508
037947672
037877496
037877089
037873253
017151503
710062575
710062583
037876988
710062613
037877097
710062621
042382378
710062680
710062699
710062702
710062729
037873237
710062737
037877186
710276257
054868114
710153606
036165620
037877160
037877216
037877305
036165638
054007267
710227230
037877194
037877224
710172966
710252862
050639668
037877208
050803042
036159034
036159051
036159042
710062753
710062761
037795988
051843927
710062796
037876881
037876651
037877003
037876678
037876872
054654416
037876686
710062877
710062893
710062800
037876805
037877062
710062907
037947800
037870530
037882040
037877054
710062362
037876864
042029511
710062532
710062540
036158119
037876317
037944681
037876996
042238854
037876813
037947770
710062648
710062672
037876368
710263945
710062710
036158097
037944941
037878191
037944631
031942202
036158089
053243927
036158143
037942247
710062826
050576119
710062842
037876856
036158101
037876376
710062427
710271123
037944657
037942123
037873563
037873644
037873571
037873652
036158747
037873547
037873776
036158755
710261144
037873598
037873601
037873610
037873636
037876082
042078415
037872869
037944215
035534672
037876091
037872877
037876198
037876104
037876139
035534656
037876121
037876147
035534664
037876155
037872907
037872915
031967256
035534681
035534699
037883755
037872931
042088917
042036518
037872940
035534648
037872923
037872885
037876074
710063555
037873121
710063580
037873130
037873148
710063687
031942601
037873164
037873172
037873181
710063776
036158313
710275269
042083150
036158381
036158321
036158348
710060645
710063660
036158399
036158364
710063725
036158429
710173016
035509082
031942806
036158411
710063784
710063792
710060882
710064233
037873261
710064306
710064314
037873288
042083966
710064322
710064330
037873296
710064349
710064365
710064373
710064403
037873300
710064446
710219725
710064462
710064489
710064497
042381321
710064500
710064519
037873318
037938215
037873326
710064543
037873342
037873334
037873351
710064551
031305318
037873369
037873393
710064560
037873385
037873377
710261055
037873407
037873415
710064594
037873270
710064284
710064276
710064292
035543906
035546492
035546476
035546573
035546328
035546484
035546751
035546425
052791874
042100500
035546468
710063393
035546638
035540605
035540486
035540613
710151314
035568003
052109828
035540648
042094721
035540478
035540559
035540460
042104955
042107652
035542870
710279213
035542641
035542632
035542616
710261012
031985921
710051875
035543019
017079756
035542713
035542624
052319784
035542861
035554304
035546123
045007802
035542888
035546204
035546859
035546867
035546875
035546841
035546832
053200357
031263160
031263119
031263097
031263089
031263071
031942199
031263151
035560347
031263127
035573597
031263101
042409136
710061374
051001489
035561301
710061382
031953271
035544015
710061404
710061412
042320283
035544139
042242533
035544121
710061455
710061480
035544341
035564296
035544414
042407036
710061501
710170599
035544210
051845601
710061528
710061536
035544244
035544317
035544201
710061544
035544295
710260300
031302912
051845598
710061560
710061579
035544228
710061587
710061633
710061641
710061650
035544031
051896133
035544074
710061714
035513454
710061730
017070589
710061463
710061773
035544384
050005723
035544805
031953158
035544422
710061781
710061765
035544279
053577558
710061390
031953204
035544198
035544392
035545755
035542225
051719401
710274939
710061862
710061870
035543787
710063946
710063962
710061900
710061897
053277562
710061927
017080738
017080711
017080771
017080762
017080720
017080754
017080703
031942032
017080746
035542233
035542241
035543825
710061943
710061960
035553863
710062001
035542250
035542268
035542276
035542292
035542284
035545771
035545780
035538643
710062044
710062060
035545798
710062095
710061978
042104378
710063873
710138299
035556684
710062974
035543752
035543744
710063008
710062990
710059698
035543736
710063016
035543728
710063059
035562447
035543710
710063075
035543701
710063091
035543698
035543680
035543671
710063105
710260911
030689333
053515676
035543647
035543663
052170616
035543639
710063121
035543612
035546727
035543604
710062958
035545569
035545577
035545585
710061919
035545593
035545607
035545631
035545623
710062036
710062052
710062079
035545640
035545984
710063172
035545992
035543949
710063245
710063253
042248795
042248809
035543957
031942067
035546018
710063288
035546026
710063296
042104246
035553979
035543426
035546034
035541385
017151961
035543922
035546077
035546085
035546051
035543914
017080665
035546042
035546069
031942130
710260857
035543931
035564113
035546093
710063377
710063806
710063814
035541326
035541261
710063849
035544546
710063857
035544554
035569417
035568241
710063954
035541148
035541156
017071089
710063970
710063989
035541318
710064012
035541253
035541245
035541229
035541237
052642704
710064063
710260792
017071097
035541202
710064071
710064080
710064098
035541211
035541288
031314503
035541164
035541172
710064047
052022072
035541091
035541075
035541113
035541067
710064128
035541296
035544562
710064160
035541181
035571829
710064209
035541199
710064225
035541270
710063865
035541121
035541130